W,H = 255 717
col x=24 (R) n=39 y=[115, 138, 153, 167, 182, 196, 210, 224, 239, 253, 268, 282, 296, 310, 325, 339, 354, 368, 382, 396, 411, 425, 439, 454, 468, 482, 496, 511, 525, 540, 554, 568, 582, 597, 611, 626, 653, 667, 681]
col x=35 (R) n=1 y=[84]
col x=46 (G) n=40 y=[58, 118, 138, 153, 167, 182, 196, 210, 224, 239, 253, 267, 282, 296, 310, 325, 339, 353, 368, 382, 396, 411, 425, 439, 454, 468, 482, 497, 511, 525, 540, 554, 568, 583, 597, 611, 626, 652, 667, 682]
col x=56 (G) n=1 y=[94]
col x=69 (B) n=41 y=[74, 105, 122, 138, 153, 167, 182, 196, 210, 224, 239, 253, 268, 282, 296, 310, 325, 339, 354, 368, 382, 396, 411, 425, 440, 454, 468, 482, 497, 511, 526, 540, 554, 568, 582, 597, 611, 626, 653, 667, 681]
col x=80 (R) n=2 y=[39, 90]
col x=91 (G) n=1 y=[59]
col x=105 (R) n=38 y=[29, 79, 138, 153, 167, 182, 196, 210, 224, 239, 253, 268, 282, 296, 310, 325, 339, 353, 368, 382, 396, 411, 425, 439, 454, 468, 482, 497, 511, 525, 540, 554, 568, 583, 597, 611, 626, 652]
col x=118 (B) n=2 y=[51, 74]
col x=127 (G) n=38 y=[116, 138, 153, 167, 182, 196, 210, 224, 238, 253, 268, 282, 296, 310, 324, 339, 354, 368, 382, 396, 410, 425, 440, 454, 468, 482, 496, 511, 526, 540, 554, 568, 582, 597, 612, 626, 646, 684]
col x=136 (B) n=2 y=[51, 74]
col x=150 (B) n=40 y=[29, 79, 138, 153, 167, 182, 196, 210, 224, 239, 253, 268, 282, 296, 310, 325, 339, 354, 368, 382, 396, 411, 425, 440, 454, 468, 482, 497, 511, 525, 540, 554, 568, 583, 597, 611, 626, 638, 647, 666]
col x=164 (G) n=5 y=[59, 90, 650, 673, 696]
col x=175 (R) n=1 y=[39]
col x=186 (B) n=41 y=[74, 105, 122, 138, 153, 167, 182, 196, 210, 224, 239, 253, 268, 282, 296, 310, 325, 339, 353, 368, 382, 396, 411, 425, 439, 454, 468, 482, 497, 511, 525, 540, 554, 568, 583, 597, 611, 626, 638, 647, 666]
col x=200 (G) n=1 y=[94]
col x=208 (G) n=39 y=[58, 118, 138, 153, 167, 182, 196, 210, 224, 239, 253, 268, 282, 296, 310, 324, 339, 354, 368, 382, 396, 410, 425, 440, 454, 468, 482, 496, 511, 526, 540, 554, 568, 582, 597, 612, 626, 646, 684]
col x=220 (R) n=1 y=[84]
col x=231 (R) n=37 y=[115, 138, 153, 167, 182, 196, 210, 224, 239, 253, 268, 282, 296, 310, 325, 339, 354, 368, 382, 396, 411, 425, 440, 454, 468, 482, 497, 511, 526, 540, 554, 568, 582, 597, 611, 626, 652]
